A8720000:error::BIO routines:BIO_ctrl:unsupported method:../openssl/crypto/bio/bio_lib.c:518:

str length:303
00010110    16
00000011    3
00000001    1
00000001    1
00101010    2a
00000001    1
00000000    0
00000001    1
00100110    26
00000011    3
00000011    3
10110111    -49
10011110    -62
00100001    21
11011101    -23
11010011    -2d
11100100    -1c
01100101    65
00101110    2e
01111000    78
01011101    5d
00000000    0
10000100    -7c
01101111    6f
11011100    -24
00101100    2c
11110101    -b
11010001    -2f
11000101    -3b
10001001    -77
00011101    1d
11101111    -11
00111001    39
01111000    78
11100110    -1a
10001000    -78
10001010    -76
00010100    14
00001100    c
10100011    -5d
11011111    -21
01000111    47
10111111    -41
00100000    20
10101101    -53
10100010    -5e
10011101    -63
00110010    32
10100000    -60
10011010    -66
10011011    -65
10000100    -7c
11101011    -15
11111011    -5
10100100    -5c
11011010    -26
01010101    55
10001000    -78
01110111    77
00000110    6
10111110    -42
10011101    -63
01100101    65
00111101    3d
10101101    -53
01101110    6e
10111100    -44
10111110    -42
00010110    16
11110100    -c
10001101    -73
01111000    78
00100001    21
10100101    -5b
10000010    -7e
11110101    -b
00000000    0
00111110    3e
00010011    13
00000010    2
00010011    13
00000011    3
00010011    13
00000001    1
11000000    -40
00101100    2c
11000000    -40
00110000    30
00000000    0
10011111    -61
11001100    -34
10101001    -57
11001100    -34
10101000    -58
11001100    -34
10101010    -56
11000000    -40
00101011    2b
11000000    -40
00101111    2f
00000000    0
10011110    -62
11000000    -40
00100100    24
11000000    -40
00101000    28
00000000    0
01101011    6b
11000000    -40
00100011    23
11000000    -40
00100111    27
00000000    0
01100111    67
11000000    -40
00001010    a
11000000    -40
00010100    14
00000000    0
00111001    39
11000000    -40
00001001    9
11000000    -40
00010011    13
00000000    0
00110011    33
00000000    0
10011101    -63
00000000    0
10011100    -64
00000000    0
00111101    3d
00000000    0
00111100    3c
00000000    0
00110101    35
00000000    0
00101111    2f
00000000    0
11111111    -1
00000001    1
00000000    0
00000000    0
10011111    -61
00000000    0
00001011    b
00000000    0
00000100    4
00000011    3
00000000    0
00000001    1
00000010    2
00000000    0
00001010    a
00000000    0
00010110    16
00000000    0
00010100    14
00000000    0
00011101    1d
00000000    0
00010111    17
00000000    0
00011110    1e
00000000    0
00011001    19
00000000    0
00011000    18
00000001    1
00000000    0
00000001    1
00000001    1
00000001    1
00000010    2
00000001    1
00000011    3
00000001    1
00000100    4
00000000    0
00100011    23
00000000    0
00000000    0
00000000    0
00010110    16
00000000    0
00000000    0
00000000    0
00010111    17
00000000    0
00000000    0
00000000    0
00001101    d
00000000    0
00110000    30
00000000    0
00101110    2e
00000100    4
00000011    3
00000101    5
00000011    3
00000110    6
00000011    3
00001000    8
00000111    7
00001000    8
00001000    8
00001000    8
00001001    9
00001000    8
00001010    a
00001000    8
00001011    b
00001000    8
00000100    4
00001000    8
00000101    5
00001000    8
00000110    6
00000100    4
00000001    1
00000101    5
00000001    1
00000110    6
00000001    1
00000011    3
00000011    3
00000010    2
00000011    3
00000011    3
00000001    1
00000010    2
00000001    1
00000011    3
00000010    2
00000010    2
00000010    2
00000100    4
00000010    2
00000101    5
00000010    2
00000110    6
00000010    2
00000000    0
00101011    2b
00000000    0
00001001    9
00001000    8
00000011    3
00000100    4
00000011    3
00000011    3
00000011    3
00000010    2
00000011    3
00000001    1
00000000    0
00101101    2d
00000000    0
00000010    2
00000001    1
00000001    1
00000000    0
00110011    33
00000000    0
00100110    26
00000000    0
00100100    24
00000000    0
00011101    1d
00000000    0
00100000    20
00111000    38
01010011    53
10001001    -77
10110100    -4c
00011000    18
11111100    -4
11010100    -2c
00111101    3d
10010000    -70
00011101    1d
10101000    -58
11100111    -19
11011110    -22
11101100    -14
11111000    -8
10001010    -76
00000101    5
11000001    -3f
01000101    45
11010001    -2f
00110101    35
00001111    f
01000111    47
11010101    -2b
01011001    59
10011011    -65
00000110    6
11100010    -1e
01001100    4c
01111011    7b
00100001    21
00110111    37
